Country,Avatar,Name,Rating,Images,Is Anonymous,Review,Translation Review,Vote Count,Logistics,Sku Info,Date of Published
IL,https://ae01.alicdn.com/kf/Sc09726ace9a345d6a61b38406aee0caaC.jpg_220x220.jpg,A***r,5,"https://ae01.alicdn.com/kf/Aa110930ed5124d97825c1b9d25353598i.jpg,
https://ae01.alicdn.com/kf/Aa8cdc2c4d55b479e956ef43f7ffb6894G.jpg,
https://ae01.alicdn.com/kf/Aa85b7e27b5f74652b4524a29674fba72B.jpg,
https://ae01.alicdn.com/kf/A6899399b3bff4d40b98ab2cefeb0c7f4W.jpg,
https://ae01.alicdn.com/kf/Aa5d3ec1d5cc64221add3143caaa06543D.jpg",FALSE,"soooooo good 
my son liked it alot
big size 
good quality","soooooo good 
my son liked it alot
big size 
good quality",0,Aliexpress Selection Standard,Color:SKU4 ,10/11/2024
CL,https://gw.alicdn.com/tps/TB1zA01LXXXXXc0XFXXXXXXXXXX-240-240.png,Y***a,5,"https://ae01.alicdn.com/kf/A3c692c99101a46209af8d9a505bf274bX.jpg,
https://ae01.alicdn.com/kf/A30ddb22397dd40c1a2c838d0afe2b555n.jpg,
https://ae01.alicdn.com/kf/Abffe6f701d3148519613989a73e2a002M.jpg,
https://ae01.alicdn.com/kf/Ae1adb597ed4a477e87eecb219086134cS.jpg,
https://ae01.alicdn.com/kf/Aa83d4863361d4ac7bc1d89697e10f4d9X.jpg",FALSE,"Excellent, we love it, it is as the description goes, we are happy. The shipment arrived quickly, earlier than expected.","Excellent, we love it, it is as the description goes, we are happy. The shipment arrived quickly, earlier than expected.",0,Aliexpress Selection Standard,Color:SKU2 ,14/07/2024
BE,https://ae01.alicdn.com/kf/UTB82QS0XFfJXKJkSamHq6zLyVXaL.jpg_220x220.jpg,W***i,5,"https://ae01.alicdn.com/kf/Ae572fbef151441df99bf79e473ab0c4dM.jpg,
https://ae01.alicdn.com/kf/A1e2e3e82cbcd4d799cf19b8d4913f4feC.jpg",FALSE,"Very good quality, just a little hard that my son hits me with😊","Very good quality, just a little hard that my son hits me with😊",0,Aliexpress Selection Premium shipping,Color:SKU5 ,06/11/2024
BR,https://ae01.alicdn.com/kf/Uef65fa3e8f9f48698f46071a7f9c54f9G.jpg_220x220.jpg,a***a,5,"https://ae01.alicdn.com/kf/A32dd38a53d9e4dd4bb24aeb7ae885320X.jpg,
https://ae01.alicdn.com/kf/A6215094b8cc348919afafb6645ccaac60.jpg,
https://ae01.alicdn.com/kf/A085f39842edb42f990c397f6abedb5f6h.jpg,
https://ae01.alicdn.com/kf/A60efbadc0fbd4ceb8d8d4ed364cd3fe9c.jpg",FALSE,Wonderful plush... Very well made and with quality fabric... I loved…,Wonderful plush... Very well made and with quality fabric... I loved...,0,Aliexpress Selection Standard,Color:SKU1 ,18/07/2024
IT,,U***o,5,"https://ae01.alicdn.com/kf/Acc0c6f1d1ded44e088d92f70efe359e9r.jpg,
https://ae01.alicdn.com/kf/A5a99ac9e47a74d868a38407963eeeafcJ.jpg,
https://ae01.alicdn.com/kf/A38823885c1654fe3908443841ecf09b6X.jpg,
https://ae01.alicdn.com/kf/Aee6b46cfb1a64753bcbb4610bd8e1a4dP.jpg,
https://ae01.alicdn.com/kf/A98d64811256f4028bebf33332560a3dbB.jpg",FALSE,"peluche fatto bene, con buone cuciture, e cura dei dettagli! consigliato!😜","Plush made well, with good stitching, and attention to detail! Recommended!😜",0,Aliexpress Selection Standard,Color:SKU3 ,08/08/2024
CL,https://ae01.alicdn.com/kf/UTB8eGT3JmnEXKJk43Ubq6zLppXaT.jpg_220x220.jpg,s***z,5,"https://ae01.alicdn.com/kf/Addf2f5fca7ca47548627b7922d8ad6d16.jpg,
https://ae01.alicdn.com/kf/A3112099914cf4223a362b938c632dc6bZ.jpg,
https://ae01.alicdn.com/kf/A071bfae1886f4f00a0af194017c6409dE.jpg,
https://ae01.alicdn.com/kf/Aa6cea3e9054e470f9431fd8300cb77dc7.jpg",FALSE,"The material is very soft, they arrived well and are beautiful","The material is very soft, they arrived well and are beautiful",0,Aliexpress Selection Standard,Color:SKU4 ,29/09/2024
CL,https://ae01.alicdn.com/kf/UTB8SqV.cSnEXKJk43Ubq6zLppXac.jpg_220x220.jpg,J***a,5,"https://ae01.alicdn.com/kf/A3730711bff584903b5efdc10ace5de52W.jpg,
https://ae01.alicdn.com/kf/A7f7a9e603e084986b96421cf9ad177f3P.jpg,
https://ae01.alicdn.com/kf/A3fafa08077dd4e18875c6fa94a46a7f45.jpg",FALSE,"Beautiful stuffed animal, I was even very surprised by the quality of the material and the tailoring.
I recommend 100%","Beautiful stuffed animal, I was even very surprised by the quality of the material and the tailoring.
I recommend 100%",0,Aliexpress Selection Standard,Color:SKU2 ,18/08/2024
ES,https://ae01.alicdn.com/kf/A05a9c03ce1fd4cfea8e92cee61ee93adt.jpg_220x220.jpg,M***h,5,"https://ae01.alicdn.com/kf/Ae666ec3aa0174ad9946f3254ba9469b5w.jpg,
https://ae01.alicdn.com/kf/A1ee34f3809664eab890dfe5a0cf9b255S.jpg,
https://ae01.alicdn.com/kf/A1772844a2da648398f091e70766403c8B.jpg",FALSE,Is as described in the images. I have not opened it because it is for a gift but it looks perfect. As the images of the website. Arrived long before the set date,Is as described in the images. I have not opened it because it is for a gift but it looks perfect. As the images of the website. Arrived long before the set date,0,Aliexpress Selection Premium shipping,Color:SKU4 ,02/09/2024
BR,https://ae01.alicdn.com/kf/Ud463749e5a934fa2b4cebab21e50b39dY.jpg_220x220.jpg,I***a,5,"https://ae01.alicdn.com/kf/Af210c58a7b244c2fbbc2595ba4b6bc468.jpg,
https://ae01.alicdn.com/kf/A793ee1b1c3f34db9a057f30ebaffe2859.jpg,
https://ae01.alicdn.com/kf/A32a55f27b0754635a3e8e074d1370cc5r.jpg",FALSE,"Arrived right, very beautiful and with great finish. My son loved.","Arrived right, very beautiful and with great finish. My son loved.",0,Aliexpress Selection Standard,Color:SKU1 ,20/06/2024
MX,,AliExpress Shopper,5,https://ae01.alicdn.com/kf/Acd8e5adf9eec481abd4cb86cab2f702fz.jpg,TRUE,"Very nice, I arrive quickly to villahermosa tabasco Mexico and in good condition. I love","Very nice, I arrive quickly to villahermosa tabasco Mexico and in good condition. I love",0,Aliexpress Selection Standard,Color:SKU2 ,28/08/2024
